-4.14422e+06 4.44312e+06 877624 6.66221e+06 -4.56534e+06 5.0361e+06 -639012 4.21083e+06 -1.34054e+06 5.32605e+06 -2.80512e+06 -2.14239e+06 -1.31053e+06 4.44079e+06 -5.51739e+06 1.69181e+06 -7.88085e+06 -2.61638e+06 -7.33522e+06 -3.73711e+06 -1.21671e+06 -1.64572e+06 492427 -6.91131e+06 -7.05159e+06 928537 6.62717e+06 8.35537e+06 4.08694e+06 -4.18075e+06 -3.1537e+06 1.40194e+06 
3.53963e+06 7.40999e+06 6.54309e+06 2.22318e+06 -3.1546e+06 3.7363e+06 -9.95021e+06 -35647.2 -1.56707e+06 4.49834e+06 -5.76615e+06 -740765 8.37387e+06 -1.32243e+06 981758 -8.65222e+06 -4.58403e+06 3.74852e+06 -405791 2.01264e+06 -1.22355e+06 940338 1.80611e+06 -4.53054e+06 -8.19237e+06 -8.03277e+06 -2.40738e+06 2.8256e+06 -158361 7.27311e+06 -249181 -954021 
-237061 5.77116e+06 3.15859e+06 7.39033e+06 8.47711e+06 -1.01915e+06 -5.37115e+06 3.38804e+06 -7.64214e+06 -1.28426e+06 4.36611e+06 -5.18515e+06 4.70756e+06 1.59312e+06 -1.4705e+06 5.94447e+06 184317 -2.4598e+06 2.15159e+06 3.24823e+06 6.57292e+06 192339 6.96386e+06 1.3323e+06 3.11384e+06 5.3255e+06 -500449 -1.04281e+06 -6.42827e+06 -4.49574e+06 1.07973e+06 3.86488e+06 
6.05675e+06 488169 -5.50995e+06 1.31371e+06 693388 -217490 -6.94006e+06 -201854 -1.5517e+06 -115583 2.35806e+06 76757.3 5.7211e+06 -1.04686e+06 3.30842e+06 1.47584e+06 -1.13039e+06 2.74641e+06 2.81326e+06 2.29215e+06 1.67026e+06 -1.90739e+06 -2.02904e+06 -4.23707e+06 -1.51265e+06 -4.94979e+06 -2.68326e+06 -2.92015e+06 -3.089e+06 1.52306e+06 1.13268e+06 3.70657e+06 
-2.56355e+06 -9.74382e+06 2.83423e+06 869234 8.03333e+06 -1.44066e+07 -9.74289e+06 -7.04698e+06 7.09259e+06 -1.00819e+07 -6.93458e+06 -1.03964e+07 7.51247e+06 -3.48917e+06 8.60064e+06 3.20295e+06 -1.2331e+07 -2.04918e+06 1.46993e+07 -1.1586e+07 1.26725e+07 -2.99426e+06 1.15953e+07 -1.77727e+06 5.38487e+06 6.90008e+06 1.12958e+07 7.34193e+06 -8.9668e+06 -3.76613e+06 3.72172e+06 2.01122e+06 
-9.73197e+06 -2.34828e+07 6.81331e+06 -2.44925e+06 1.28157e+07 -2.5977e+07 -8.58773e+06 -1.70457e+07 2.16961e+07 -2.30727e+07 -1.52495e+07 -2.46654e+07 3.93339e+06 -5.51723e+06 1.36086e+07 1.51311e+06 -2.68338e+07 -6.11645e+06 2.35517e+07 -2.7399e+07 2.58733e+07 -4.3017e+06 2.68855e+07 2.06125e+06 1.16272e+07 1.69601e+07 2.52873e+07 1.92102e+07 -1.45766e+07 -8.85999e+06 6.28019e+06 -5.10304e+06 
-9.73068e+06 -2.34758e+07 6.81082e+06 -2.45096e+06 1.28141e+07 -2.59681e+07 -8.58307e+06 -1.70392e+07 2.16907e+07 -2.30716e+07 -1.52503e+07 -2.46608e+07 3.93398e+06 -5.51425e+06 1.36038e+07 1.51428e+06 -2.68243e+07 -6.11627e+06 2.35479e+07 -2.73897e+07 2.58678e+07 -4.3004e+06 2.68745e+07 2.05994e+06 1.16223e+07 1.69523e+07 2.528e+07 1.92069e+07 -1.45718e+07 -8.85697e+06 6.27531e+06 -5.09967e+06 
-9.73013e+06 -2.34738e+07 6.81032e+06 -2.45191e+06 1.2814e+07 -2.59653e+07 -8.58165e+06 -1.70368e+07 2.16887e+07 -2.30714e+07 -1.52507e+07 -2.46596e+07 3.93453e+06 -5.51324e+06 1.36024e+07 1.51466e+06 -2.68216e+07 -6.11602e+06 2.35469e+07 -2.73871e+07 2.58664e+07 -4.30035e+06 2.68713e+07 2.05931e+06 1.16205e+07 1.69499e+07 2.52778e+07 1.92062e+07 -1.45704e+07 -8.8562e+06 6.27372e+06 -5.09838e+06 
-9.72829e+06 -2.34633e+07 6.80678e+06 -2.45455e+06 1.28115e+07 -2.59519e+07 -8.57441e+06 -1.70273e+07 2.16803e+07 -2.30696e+07 -1.52519e+07 -2.46527e+07 3.93543e+06 -5.50886e+06 1.35951e+07 1.51644e+06 -2.68077e+07 -6.11547e+06 2.35411e+07 -2.7373e+07 2.58583e+07 -4.29855e+06 2.68547e+07 2.05711e+06 1.1613e+07 1.69382e+07 2.52668e+07 1.92012e+07 -1.45637e+07 -8.85156e+06 6.26655e+06 -5.09314e+06 
-9.72528e+06 -2.34494e+07 6.80217e+06 -2.45865e+06 1.28087e+07 -2.59337e+07 -8.56502e+06 -1.70136e+07 2.16687e+07 -2.30675e+07 -1.52537e+07 -2.46436e+07 3.93703e+06 -5.50264e+06 1.35854e+07 1.51861e+06 -2.67887e+07 -6.11486e+06 2.35339e+07 -2.73546e+07 2.58474e+07 -4.29641e+06 2.68325e+07 2.05397e+06 1.16025e+07 1.69222e+07 2.52521e+07 1.91947e+07 -1.45543e+07 -8.84564e+06 6.25655e+06 -5.0859e+06 
-9.73497e+06 -2.34979e+07 6.81851e+06 -2.44516e+06 1.28191e+07 -2.59967e+07 -8.598e+06 -1.70603e+07 2.17085e+07 -2.30752e+07 -1.52477e+07 -2.46754e+07 3.9319e+06 -5.52384e+06 1.36192e+07 1.51063e+06 -2.68544e+07 -6.11704e+06 2.35598e+07 -2.74193e+07 2.58852e+07 -4.30426e+06 2.69096e+07 2.06443e+06 1.16384e+07 1.69773e+07 2.53032e+07 1.92174e+07 -1.45868e+07 -8.86656e+06 6.29092e+06 -5.11069e+06 
-9.7252e+06 -2.34464e+07 6.80098e+06 -2.45896e+06 1.28076e+07 -2.59301e+07 -8.56276e+06 -1.70113e+07 2.16666e+07 -2.30669e+07 -1.52539e+07 -2.46416e+07 3.93703e+06 -5.50172e+06 1.35833e+07 1.51945e+06 -2.6785e+07 -6.11463e+06 2.35317e+07 -2.73503e+07 2.58452e+07 -4.29582e+06 2.68277e+07 2.05357e+06 1.16006e+07 1.69191e+07 2.52489e+07 1.91933e+07 -1.45525e+07 -8.84407e+06 6.25475e+06 -5.0846e+06 
-9.72861e+06 -2.34638e+07 6.80684e+06 -2.45413e+06 1.28114e+07 -2.59527e+07 -8.57466e+06 -1.70281e+07 2.16809e+07 -2.30696e+07 -1.52517e+07 -2.4653e+07 3.93518e+06 -5.50929e+06 1.35954e+07 1.51651e+06 -2.68085e+07 -6.11546e+06 2.35411e+07 -2.73736e+07 2.58587e+07 -4.29862e+06 2.68554e+07 2.05733e+06 1.16135e+07 1.69389e+07 2.52673e+07 1.92014e+07 -1.45641e+07 -8.85162e+06 6.26706e+06 -5.09351e+06 
-9.72395e+06 -2.34434e+07 6.8002e+06 -2.46053e+06 1.28076e+07 -2.59258e+07 -8.561e+06 -1.70076e+07 2.16636e+07 -2.30666e+07 -1.52546e+07 -2.46398e+07 3.93784e+06 -5.49983e+06 1.35812e+07 1.51952e+06 -2.67805e+07 -6.11462e+06 2.35309e+07 -2.73466e+07 2.58427e+07 -4.29541e+06 2.6823e+07 2.05263e+06 1.15979e+07 1.69152e+07 2.52457e+07 1.9192e+07 -1.45501e+07 -8.84318e+06 6.25215e+06 -5.08275e+06 
-9.72516e+06 -2.34463e+07 6.80092e+06 -2.45892e+06 1.28076e+07 -2.59301e+07 -8.5628e+06 -1.70113e+07 2.16666e+07 -2.30668e+07 -1.52539e+07 -2.46415e+07 3.93698e+06 -5.50172e+06 1.35833e+07 1.51941e+06 -2.67848e+07 -6.1147e+06 2.35317e+07 -2.73502e+07 2.58452e+07 -4.29579e+06 2.68277e+07 2.05361e+06 1.16006e+07 1.69191e+07 2.52489e+07 1.91933e+07 -1.45524e+07 -8.84406e+06 6.25472e+06 -5.08464e+06 
-4.8449e+06 -1.84004e+07 565507 -5.6763e+06 1.05464e+07 -1.67841e+07 -2.0766e+06 -1.22256e+07 1.4288e+07 -1.0126e+07 -7.22371e+06 -1.74694e+07 2.23974e+06 -4.81851e+06 7.93931e+06 -4.27721e+06 -2.21404e+07 -2.85603e+06 1.20412e+07 -2.05038e+07 1.69322e+07 -3.8711e+06 2.12273e+07 -1.63066e+06 9.09739e+06 1.09152e+07 1.65497e+07 1.55472e+07 -6.14395e+06 -639207 5.78451e+06 -2.00482e+06 
4.02838e+06 -8.49992e+06 -1.02525e+07 -1.04822e+07 6.30224e+06 -830781 9.17011e+06 -4.15424e+06 638654 1.27222e+07 7.30027e+06 -4.60317e+06 -496361 -3.61884e+06 -1.9722e+06 -1.40133e+07 -1.29217e+07 2.50549e+06 -9.00094e+06 -8.2879e+06 705202 -3.08104e+06 1.07455e+07 -7.78714e+06 4.28201e+06 40331.1 776669 8.87264e+06 8.86458e+06 1.35584e+07 4.27495e+06 3.35845e+06 
-1.00493e+07 3.73415e+06 -4.5373e+06 -1.22524e+06 -965411 -5.83802e+06 -3.49113e+06 -4.33786e+06 -9.67186e+06 7.62519e+06 -3.16239e+06 2.08013e+06 -1.62682e+06 1.88352e+06 3.45504e+06 -2.39194e+06 -308279 3.53124e+06 -2.45086e+06 -7.81195e+06 -1.11466e+07 -1.12845e+07 9.20923e+06 -8.90855e+06 -33261.1 1.02267e+06 2.05616e+06 -1.88465e+06 -4.11045e+06 3.47013e+06 -9.44314e+06 8.93913e+06 
-5.01837e+06 7.75106e+06 -9.1122e+06 -5.724e+06 -5.95795e+06 5.97118e+06 -9.83503e+06 760296 -9.22712e+06 -1.11932e+06 4.64039e+06 5.73955e+06 7.10173e+06 8.56507e+06 -2.83073e+06 1.38507e+06 2.11243e+06 7.22504e+06 -3.42869e+06 4.31236e+06 2.64494e+06 -6.20074e+06 6.4499e+06 -3.1797e+06 6.88396e+06 -2.46088e+06 -3.75236e+06 3.24422e+06 -3.41837e+06 4.19493e+06 5.14846e+06 2.02134e+06 
3.53504e+06 7.39379e+06 6.52585e+06 2.23569e+06 -3.16136e+06 3.70801e+06 -9.94542e+06 -53086.1 -1.5545e+06 4.48326e+06 -5.74724e+06 -732327 8.3715e+06 -1.31662e+06 982870 -8.64395e+06 -4.56932e+06 3.71721e+06 -405135 2.02408e+06 -1.22403e+06 928677 1.78833e+06 -4.51311e+06 -8.17671e+06 -8.00766e+06 -2.40862e+06 2.83844e+06 -159693 7.26133e+06 -240100 -950065 
-408584 6.4085e+06 4.24644e+06 7.44152e+06 8.10525e+06 -682500 -5.71689e+06 3.39996e+06 -7.68101e+06 -865821 3.60382e+06 -5.19838e+06 5.00291e+06 1.55424e+06 -1.64156e+06 5.03786e+06 -136251 -2.39596e+06 1.89627e+06 3.23545e+06 6.3044e+06 419440 7.3081e+06 1.31319e+06 2.49937e+06 5.03566e+06 -408317 -534893 -6.17543e+06 -3.97257e+06 938391 3.48151e+06 
5.89752e+06 510736 -5.44736e+06 1.39499e+06 746109 -141185 -6.78722e+06 -157287 -1.47019e+06 -102604 2.37304e+06 -94071.9 5.60192e+06 -1.00674e+06 3.19502e+06 1.4235e+06 -1.17166e+06 2.80102e+06 2.71185e+06 2.27112e+06 1.69964e+06 -1.82744e+06 -1.99109e+06 -4.24878e+06 -1.50808e+06 -4.91898e+06 -2.79234e+06 -2.82796e+06 -3.04469e+06 1.51843e+06 1.14409e+06 3.59193e+06 
-50890.8 -9.25581e+06 302471 -342034 5.99759e+06 -1.22803e+07 -9.14192e+06 -7.13806e+06 6.72469e+06 -9.53841e+06 -5.60037e+06 -8.54918e+06 6.80866e+06 -3.35483e+06 8.41725e+06 2.61404e+06 -1.11451e+07 -1.52656e+06 1.28354e+07 -9.98886e+06 1.13649e+07 -3.29865e+06 9.64052e+06 -1.6894e+06 4.20908e+06 4.78449e+06 1.00888e+07 5.58028e+06 -8.28394e+06 -2.92719e+06 3.16924e+06 1.72429e+06 
-9.73176e+06 -2.34798e+07 6.81215e+06 -2.44963e+06 1.28148e+07 -2.59734e+07 -8.58557e+06 -1.70434e+07 2.1694e+07 -2.30721e+07 -1.52497e+07 -2.46634e+07 3.93342e+06 -5.51625e+06 1.36065e+07 1.51384e+06 -2.68299e+07 -6.11627e+06 2.35497e+07 -2.73948e+07 2.58711e+07 -4.30114e+06 2.68808e+07 2.06081e+06 1.16253e+07 1.6957e+07 2.52842e+07 1.92088e+07 -1.45747e+07 -8.85849e+06 6.27835e+06 -5.10172e+06 
-9.73022e+06 -2.34738e+07 6.81027e+06 -2.45165e+06 1.28138e+07 -2.59655e+07 -8.58166e+06 -1.70373e+07 2.16889e+07 -2.30712e+07 -1.52506e+07 -2.46595e+07 3.93426e+06 -5.51336e+06 1.36024e+07 1.51456e+06 -2.68217e+07 -6.11607e+06 2.35469e+07 -2.73871e+07 2.58664e+07 -4.3002e+06 2.68713e+07 2.05935e+06 1.16207e+07 1.695e+07 2.52779e+07 1.9206e+07 -1.45706e+07 -8.85611e+06 6.27391e+06 -5.09853e+06 
-9.72798e+06 -2.34636e+07 6.80698e+06 -2.45486e+06 1.28119e+07 -2.59521e+07 -8.57478e+06 -1.7027e+07 2.16803e+07 -2.30698e+07 -1.5252e+07 -2.4653e+07 3.93566e+06 -5.50872e+06 1.35953e+07 1.51621e+06 -2.68079e+07 -6.11555e+06 2.35417e+07 -2.73736e+07 2.58585e+07 -4.29872e+06 2.68551e+07 2.05701e+06 1.16129e+07 1.69383e+07 2.52671e+07 1.92014e+07 -1.45637e+07 -8.85188e+06 6.26649e+06 -5.09312e+06 
-9.72978e+06 -2.34694e+07 6.80869e+06 -2.45251e+06 1.28126e+07 -2.596e+07 -8.57848e+06 -1.70335e+07 2.16855e+07 -2.30705e+07 -1.52511e+07 -2.46566e+07 3.93456e+06 -5.51173e+06 1.35993e+07 1.51561e+06 -2.6816e+07 -6.11575e+06 2.35441e+07 -2.7381e+07 2.58631e+07 -4.29943e+06 2.68643e+07 2.0586e+06 1.16177e+07 1.69453e+07 2.52733e+07 1.9204e+07 -1.45678e+07 -8.85404e+06 6.27104e+06 -5.09643e+06 
-9.72501e+06 -2.34485e+07 6.80189e+06 -2.45906e+06 1.28086e+07 -2.59325e+07 -8.56445e+06 -1.70125e+07 2.16678e+07 -2.30674e+07 -1.52538e+07 -2.46431e+07 3.93728e+06 -5.50218e+06 1.35848e+07 1.51878e+06 -2.67875e+07 -6.11482e+06 2.35334e+07 -2.73534e+07 2.58468e+07 -4.29636e+06 2.68311e+07 2.05375e+06 1.16017e+07 1.69212e+07 2.52511e+07 1.91944e+07 -1.45536e+07 -8.84532e+06 6.2558e+06 -5.08537e+06 
-9.73151e+06 -2.3481e+07 6.81282e+06 -2.44998e+06 1.28155e+07 -2.59746e+07 -8.58651e+06 -1.70438e+07 2.16945e+07 -2.30725e+07 -1.52498e+07 -2.46643e+07 3.93378e+06 -5.51635e+06 1.36074e+07 1.51339e+06 -2.68314e+07 -6.11628e+06 2.35509e+07 -2.73967e+07 2.5872e+07 -4.30153e+06 2.68827e+07 2.06075e+06 1.16258e+07 1.6958e+07 2.52854e+07 1.92095e+07 -1.45754e+07 -8.8593e+06 6.27884e+06 -5.10198e+06 
-9.72582e+06 -2.34515e+07 6.80287e+06 -2.45799e+06 1.28091e+07 -2.59365e+07 -8.56639e+06 -1.70158e+07 2.16705e+07 -2.30678e+07 -1.52535e+07 -2.4645e+07 3.93678e+06 -5.50362e+06 1.35868e+07 1.51833e+06 -2.67917e+07 -6.1149e+06 2.35349e+07 -2.73573e+07 2.58491e+07 -4.29672e+06 2.68359e+07 2.05445e+06 1.16041e+07 1.69246e+07 2.52543e+07 1.91957e+07 -1.45557e+07 -8.84651e+06 6.25811e+06 -5.087e+06 
-9.7245e+06 -2.34452e+07 6.80071e+06 -2.4598e+06 1.28078e+07 -2.59283e+07 -8.56218e+06 -1.70095e+07 2.16653e+07 -2.30669e+07 -1.52542e+07 -2.46409e+07 3.93752e+06 -5.50084e+06 1.35825e+07 1.51941e+06 -2.67831e+07 -6.11468e+06 2.35315e+07 -2.7349e+07 2.58442e+07 -4.29576e+06 2.68259e+07 2.05315e+06 1.15994e+07 1.69175e+07 2.52477e+07 1.91929e+07 -1.45514e+07 -8.84384e+06 6.25356e+06 -5.08379e+06 
-9.72375e+06 -2.34432e+07 6.80016e+06 -2.46078e+06 1.28077e+07 -2.59254e+07 -8.56091e+06 -1.7007e+07 2.16633e+07 -2.30667e+07 -1.52547e+07 -2.46397e+07 3.93802e+06 -5.49959e+06 1.3581e+07 1.5195e+06 -2.67801e+07 -6.11464e+06 2.35309e+07 -2.73464e+07 2.58424e+07 -4.29541e+06 2.68226e+07 2.05253e+06 1.15976e+07 1.69149e+07 2.52455e+07 1.91919e+07 -1.45498e+07 -8.84318e+06 6.25184e+06 -5.08256e+06 
-9.72418e+06 -2.34414e+07 6.79925e+06 -2.46028e+06 1.28065e+07 -2.59237e+07 -8.55948e+06 -1.70065e+07 2.16626e+07 -2.30661e+07 -1.52544e+07 -2.46383e+07 3.93751e+06 -5.49959e+06 1.35799e+07 1.52025e+06 -2.67782e+07 -6.11449e+06 2.3529e+07 -2.73437e+07 2.58413e+07 -4.29502e+06 2.68199e+07 2.05257e+06 1.1597e+07 1.69136e+07 2.52437e+07 1.9191e+07 -1.45491e+07 -8.84194e+06 6.25123e+06 -5.08214e+06 
-5.16263e+06 -1.87189e+07 970132 -5.46928e+06 1.06916e+07 -1.73681e+07 -2.49382e+06 -1.25282e+07 1.47616e+07 -1.0974e+07 -7.75273e+06 -1.7931e+07 2.3532e+06 -4.85788e+06 8.30074e+06 -3.89486e+06 -2.24286e+07 -3.06917e+06 1.27885e+07 -2.09363e+07 1.75067e+07 -3.89691e+06 2.15746e+07 -1.39119e+06 9.25287e+06 1.12958e+07 1.71078e+07 1.57805e+07 -6.6875e+06 -1.17239e+06 5.80655e+06 -2.20082e+06 
4.02259e+06 -8.49466e+06 -1.02492e+07 -1.0479e+07 6.3013e+06 -833977 9.17081e+06 -4.15479e+06 636278 1.272e+07 7.29591e+06 -4.60376e+06 -497374 -3.61854e+06 -1.97729e+06 -1.40139e+07 -1.29198e+07 2.50356e+06 -9.00165e+06 -8.2878e+06 698548 -3.08192e+06 1.0745e+07 -7.78774e+06 4.2849e+06 35710.8 778630 8.86891e+06 8.86765e+06 1.35538e+07 4.27055e+06 3.36204e+06 
-9.64403e+06 3.36211e+06 -4.69475e+06 -1.49846e+06 -749444 -5.67979e+06 -3.11697e+06 -4.32301e+06 -9.36152e+06 7.77629e+06 -2.84727e+06 1.88316e+06 -1.59366e+06 1.71619e+06 3.27221e+06 -2.76195e+06 -707060 3.51063e+06 -2.65452e+06 -7.83288e+06 -1.0801e+07 -1.1042e+07 9.26755e+06 -8.87875e+06 107269 992329 2.0169e+06 -1.57647e+06 -3.72283e+06 3.77307e+06 -9.01577e+06 8.78251e+06 
-5.41439e+06 7.73155e+06 -9.3476e+06 -5.76006e+06 -5.94951e+06 5.715e+06 -9.75238e+06 658802 -9.47602e+06 -1.06319e+06 4.63432e+06 5.84629e+06 6.85381e+06 8.67348e+06 -2.72824e+06 1.60242e+06 2.28919e+06 7.22617e+06 -3.42765e+06 4.08902e+06 2.34051e+06 -6.53681e+06 6.61165e+06 -3.29629e+06 7.04336e+06 -2.24178e+06 -3.63846e+06 3.07543e+06 -3.58736e+06 4.05107e+06 4.84483e+06 2.28532e+06 
3.53528e+06 7.39526e+06 6.52738e+06 2.23458e+06 -3.16049e+06 3.71038e+06 -9.94618e+06 -51520 -1.55556e+06 4.48445e+06 -5.74846e+06 -732845 8.37208e+06 -1.31663e+06 983039 -8.64507e+06 -4.57075e+06 3.71959e+06 -405121 2.02341e+06 -1.22423e+06 929360 1.79044e+06 -4.51488e+06 -8.17855e+06 -8.01027e+06 -2.40892e+06 2.83726e+06 -159627 7.2624e+06 -240815 -950314 
